Overall Accuracy: 0.8959

Per-Class Accuracy:
Class 0: 0.9582
Class 1: 0.9508
Class 2: 0.9091
Class 3: 0.7831
Class 4: 0.9050
Class 5: 0.8063
Class 6: 0.9294
Class 7: 0.8776
Class 8: 0.8133
Class 9: 0.9096

Confusion Matrix:
[[344   1   5   1   2   2   2   1   1   0]
 [  1 251   3   0   5   0   3   1   0   0]
 [  8   0 180   4   1   2   1   0   2   0]
 [  3   0  13 130   0  15   0   0   5   0]
 [  2   1   4   3 181   1   1   2   2   3]
 [  8   0   5  10   1 129   2   0   1   4]
 [  3   0   3   0   2   2 158   0   2   0]
 [  0   1   2   0   9   0   0 129   1   5]
 [  5   1   4   6   6   2   4   0 135   3]
 [  2   3   1   1   5   1   0   0   3 161]]

Classification Report:
              precision    recall  f1-score   support

           0     0.9149    0.9582    0.9361       359
           1     0.9729    0.9508    0.9617       264
           2     0.8182    0.9091    0.8612       198
           3     0.8387    0.7831    0.8100       166
           4     0.8538    0.9050    0.8786       200
           5     0.8377    0.8063    0.8217       160
           6     0.9240    0.9294    0.9267       170
           7     0.9699    0.8776    0.9214       147
           8     0.8882    0.8133    0.8491       166
           9     0.9148    0.9096    0.9122       177

    accuracy                         0.8959      2007
   macro avg     0.8933    0.8842    0.8879      2007
weighted avg     0.8970    0.8959    0.8956      2007
