Overall Accuracy: 0.8640

Per-Class Accuracy:
Class 0: 0.9526
Class 1: 0.9432
Class 2: 0.7980
Class 3: 0.8072
Class 4: 0.8550
Class 5: 0.7625
Class 6: 0.8941
Class 7: 0.8571
Class 8: 0.7349
Class 9: 0.8927

Confusion Matrix:
[[342   1   4   0   1   3   3   1   2   2]
 [  2 249   1   0   3   0   5   2   2   0]
 [ 12   0 158   9   5   3   1   3   7   0]
 [  4   0   7 134   0  13   0   0   8   0]
 [  7   1   3   2 171   2   3   2   4   5]
 [ 10   0   5  15   2 122   0   0   4   2]
 [  5   2   4   1   5   1 152   0   0   0]
 [  0   2   1   2   6   0   0 126   2   8]
 [ 11   0   6   4   5   4   5   1 122   8]
 [  3   3   0   1   5   0   0   1   6 158]]

Classification Report:
              precision    recall  f1-score   support

           0     0.8636    0.9526    0.9060       359
           1     0.9651    0.9432    0.9540       264
           2     0.8360    0.7980    0.8165       198
           3     0.7976    0.8072    0.8024       166
           4     0.8424    0.8550    0.8486       200
           5     0.8243    0.7625    0.7922       160
           6     0.8994    0.8941    0.8968       170
           7     0.9265    0.8571    0.8905       147
           8     0.7771    0.7349    0.7554       166
           9     0.8634    0.8927    0.8778       177

    accuracy                         0.8640      2007
   macro avg     0.8595    0.8497    0.8540      2007
weighted avg     0.8640    0.8640    0.8633      2007
