Overall Accuracy: 0.8635

Per-Class Accuracy:
Class 0: 0.9582
Class 1: 0.9432
Class 2: 0.7980
Class 3: 0.8072
Class 4: 0.8450
Class 5: 0.7812
Class 6: 0.8941
Class 7: 0.8639
Class 8: 0.7108
Class 9: 0.8870

Confusion Matrix:
[[344   1   4   0   1   4   4   0   0   1]
 [  2 249   2   0   3   0   5   2   1   0]
 [ 13   0 158   9   4   3   1   5   4   1]
 [  7   0   7 134   0  10   0   0   8   0]
 [  7   1   4   3 169   2   3   1   5   5]
 [ 10   0   5  12   2 125   0   0   4   2]
 [  5   3   3   0   6   1 152   0   0   0]
 [  0   2   2   3   6   0   0 127   2   5]
 [ 12   1   6   7   5   3   4   1 118   9]
 [  2   3   1   1   6   0   0   1   6 157]]

Classification Report:
              precision    recall  f1-score   support

           0     0.8557    0.9582    0.9041       359
           1     0.9577    0.9432    0.9504       264
           2     0.8229    0.7980    0.8103       198
           3     0.7929    0.8072    0.8000       166
           4     0.8366    0.8450    0.8408       200
           5     0.8446    0.7812    0.8117       160
           6     0.8994    0.8941    0.8968       170
           7     0.9270    0.8639    0.8944       147
           8     0.7973    0.7108    0.7516       166
           9     0.8722    0.8870    0.8796       177

    accuracy                         0.8635      2007
   macro avg     0.8606    0.8489    0.8539      2007
weighted avg     0.8635    0.8635    0.8625      2007
