Overall Accuracy: 0.8665

Per-Class Accuracy:
Class 0: 0.9554
Class 1: 0.9470
Class 2: 0.7980
Class 3: 0.7711
Class 4: 0.8500
Class 5: 0.8000
Class 6: 0.9000
Class 7: 0.8571
Class 8: 0.7349
Class 9: 0.9096

Confusion Matrix:
[[343   1   2   2   1   2   4   0   2   2]
 [  2 250   1   0   3   0   5   2   1   0]
 [ 12   0 158  10   6   2   1   3   6   0]
 [  9   0   8 128   0  15   0   0   6   0]
 [  7   1   5   1 170   2   3   1   5   5]
 [  9   0   3  10   2 128   1   0   5   2]
 [  4   2   4   1   5   1 153   0   0   0]
 [  0   2   2   2   6   0   0 126   0   9]
 [ 10   1   8   4   5   5   3   1 122   7]
 [  2   3   1   1   5   0   0   0   4 161]]

Classification Report:
              precision    recall  f1-score   support

           0     0.8618    0.9554    0.9062       359
           1     0.9615    0.9470    0.9542       264
           2     0.8229    0.7980    0.8103       198
           3     0.8050    0.7711    0.7877       166
           4     0.8374    0.8500    0.8437       200
           5     0.8258    0.8000    0.8127       160
           6     0.9000    0.9000    0.9000       170
           7     0.9474    0.8571    0.9000       147
           8     0.8079    0.7349    0.7697       166
           9     0.8656    0.9096    0.8871       177

    accuracy                         0.8665      2007
   macro avg     0.8635    0.8523    0.8571      2007
weighted avg     0.8665    0.8665    0.8656      2007
